{
 "cells": [
  {
   "cell_type": "markdown",
   "metadata": {},
   "source": [
    "** Python break statement **"
   ]
  },
  {
   "cell_type": "raw",
   "metadata": {},
   "source": [
    "The break statement terminates the loop containing it. Control of the program flows to the statement immediately after the body of the loop."
   ]
  },
  {
   "cell_type": "code",
   "execution_count": 1,
   "metadata": {},
   "outputs": [
    {
     "name": "stdout",
     "output_type": "stream",
     "text": [
      "s\n",
      "t\n",
      "r\n",
      "The end\n"
     ]
    }
   ],
   "source": [
    "for val in \"string\":\n",
    "    if val == \"i\":\n",
    "        break\n",
    "    print(val)\n",
    "\n",
    "print(\"The end\")"
   ]
  },
  {
   "cell_type": "markdown",
   "metadata": {},
   "source": [
    "** Python continue statement **"
   ]
  },
  {
   "cell_type": "raw",
   "metadata": {},
   "source": [
    "The continue statement is used to skip the rest of the code inside a loop for the current iteration only. Loop does not terminate but continues on with the next iteration."
   ]
  },
  {
   "cell_type": "code",
   "execution_count": 3,
   "metadata": {},
   "outputs": [
    {
     "name": "stdout",
     "output_type": "stream",
     "text": [
      "s\n",
      "t\n",
      "r\n",
      "n\n",
      "g\n",
      "The end\n"
     ]
    }
   ],
   "source": [
    "for val in \"string\":\n",
    "    if val == \"i\":\n",
    "        continue\n",
    "    print(val)\n",
    "\n",
    "print(\"The end\")"
   ]
  },
  {
   "cell_type": "markdown",
   "metadata": {},
   "source": [
    "** How to reorder pandas DataFrame columns **"
   ]
  },
  {
   "cell_type": "code",
   "execution_count": 1,
   "metadata": {},
   "outputs": [],
   "source": [
    "import pandas as pd\n",
    "import numpy as np"
   ]
  },
  {
   "cell_type": "code",
   "execution_count": 2,
   "metadata": {},
   "outputs": [],
   "source": [
    "df = pd.DataFrame(np.random.randn(6,4), columns = ['A','B','C','D'])"
   ]
  },
  {
   "cell_type": "code",
   "execution_count": 3,
   "metadata": {},
   "outputs": [
    {
     "data": {
      "text/html": [
       "<div>\n",
       "<style scoped>\n",
       "    .dataframe tbody tr th:only-of-type {\n",
       "        vertical-align: middle;\n",
       "    }\n",
       "\n",
       "    .dataframe tbody tr th {\n",
       "        vertical-align: top;\n",
       "    }\n",
       "\n",
       "    .dataframe thead th {\n",
       "        text-align: right;\n",
       "    }\n",
       "</style>\n",
       "<table border=\"1\" class=\"dataframe\">\n",
       "  <thead>\n",
       "    <tr style=\"text-align: right;\">\n",
       "      <th></th>\n",
       "      <th>A</th>\n",
       "      <th>B</th>\n",
       "      <th>C</th>\n",
       "      <th>D</th>\n",
       "    </tr>\n",
       "  </thead>\n",
       "  <tbody>\n",
       "    <tr>\n",
       "      <th>0</th>\n",
       "      <td>1.145028</td>\n",
       "      <td>0.816531</td>\n",
       "      <td>-1.129963</td>\n",
       "      <td>0.140174</td>\n",
       "    </tr>\n",
       "    <tr>\n",
       "      <th>1</th>\n",
       "      <td>1.196880</td>\n",
       "      <td>0.906171</td>\n",
       "      <td>1.471567</td>\n",
       "      <td>1.335498</td>\n",
       "    </tr>\n",
       "    <tr>\n",
       "      <th>2</th>\n",
       "      <td>-0.323545</td>\n",
       "      <td>-0.920347</td>\n",
       "      <td>-1.189202</td>\n",
       "      <td>-1.404995</td>\n",
       "    </tr>\n",
       "    <tr>\n",
       "      <th>3</th>\n",
       "      <td>0.350482</td>\n",
       "      <td>0.340804</td>\n",
       "      <td>-0.375657</td>\n",
       "      <td>-1.538199</td>\n",
       "    </tr>\n",
       "    <tr>\n",
       "      <th>4</th>\n",
       "      <td>-0.979499</td>\n",
       "      <td>0.253626</td>\n",
       "      <td>0.371492</td>\n",
       "      <td>-1.742907</td>\n",
       "    </tr>\n",
       "    <tr>\n",
       "      <th>5</th>\n",
       "      <td>-0.036252</td>\n",
       "      <td>0.402485</td>\n",
       "      <td>0.033607</td>\n",
       "      <td>-0.666633</td>\n",
       "    </tr>\n",
       "  </tbody>\n",
       "</table>\n",
       "</div>"
      ],
      "text/plain": [
       "          A         B         C         D\n",
       "0  1.145028  0.816531 -1.129963  0.140174\n",
       "1  1.196880  0.906171  1.471567  1.335498\n",
       "2 -0.323545 -0.920347 -1.189202 -1.404995\n",
       "3  0.350482  0.340804 -0.375657 -1.538199\n",
       "4 -0.979499  0.253626  0.371492 -1.742907\n",
       "5 -0.036252  0.402485  0.033607 -0.666633"
      ]
     },
     "execution_count": 3,
     "metadata": {},
     "output_type": "execute_result"
    }
   ],
   "source": [
    "df"
   ]
  },
  {
   "cell_type": "markdown",
   "metadata": {},
   "source": [
    "Method 1"
   ]
  },
  {
   "cell_type": "code",
   "execution_count": 4,
   "metadata": {},
   "outputs": [
    {
     "data": {
      "text/html": [
       "<div>\n",
       "<style scoped>\n",
       "    .dataframe tbody tr th:only-of-type {\n",
       "        vertical-align: middle;\n",
       "    }\n",
       "\n",
       "    .dataframe tbody tr th {\n",
       "        vertical-align: top;\n",
       "    }\n",
       "\n",
       "    .dataframe thead th {\n",
       "        text-align: right;\n",
       "    }\n",
       "</style>\n",
       "<table border=\"1\" class=\"dataframe\">\n",
       "  <thead>\n",
       "    <tr style=\"text-align: right;\">\n",
       "      <th></th>\n",
       "      <th>D</th>\n",
       "      <th>A</th>\n",
       "      <th>B</th>\n",
       "      <th>C</th>\n",
       "    </tr>\n",
       "  </thead>\n",
       "  <tbody>\n",
       "    <tr>\n",
       "      <th>0</th>\n",
       "      <td>0.140174</td>\n",
       "      <td>1.145028</td>\n",
       "      <td>0.816531</td>\n",
       "      <td>-1.129963</td>\n",
       "    </tr>\n",
       "    <tr>\n",
       "      <th>1</th>\n",
       "      <td>1.335498</td>\n",
       "      <td>1.196880</td>\n",
       "      <td>0.906171</td>\n",
       "      <td>1.471567</td>\n",
       "    </tr>\n",
       "    <tr>\n",
       "      <th>2</th>\n",
       "      <td>-1.404995</td>\n",
       "      <td>-0.323545</td>\n",
       "      <td>-0.920347</td>\n",
       "      <td>-1.189202</td>\n",
       "    </tr>\n",
       "    <tr>\n",
       "      <th>3</th>\n",
       "      <td>-1.538199</td>\n",
       "      <td>0.350482</td>\n",
       "      <td>0.340804</td>\n",
       "      <td>-0.375657</td>\n",
       "    </tr>\n",
       "    <tr>\n",
       "      <th>4</th>\n",
       "      <td>-1.742907</td>\n",
       "      <td>-0.979499</td>\n",
       "      <td>0.253626</td>\n",
       "      <td>0.371492</td>\n",
       "    </tr>\n",
       "    <tr>\n",
       "      <th>5</th>\n",
       "      <td>-0.666633</td>\n",
       "      <td>-0.036252</td>\n",
       "      <td>0.402485</td>\n",
       "      <td>0.033607</td>\n",
       "    </tr>\n",
       "  </tbody>\n",
       "</table>\n",
       "</div>"
      ],
      "text/plain": [
       "          D         A         B         C\n",
       "0  0.140174  1.145028  0.816531 -1.129963\n",
       "1  1.335498  1.196880  0.906171  1.471567\n",
       "2 -1.404995 -0.323545 -0.920347 -1.189202\n",
       "3 -1.538199  0.350482  0.340804 -0.375657\n",
       "4 -1.742907 -0.979499  0.253626  0.371492\n",
       "5 -0.666633 -0.036252  0.402485  0.033607"
      ]
     },
     "execution_count": 4,
     "metadata": {},
     "output_type": "execute_result"
    }
   ],
   "source": [
    "df[['D','A','B','C']]"
   ]
  },
  {
   "cell_type": "markdown",
   "metadata": {},
   "source": [
    "Method 2"
   ]
  },
  {
   "cell_type": "code",
   "execution_count": 5,
   "metadata": {},
   "outputs": [
    {
     "data": {
      "text/plain": [
       "Index(['A', 'B', 'C', 'D'], dtype='object')"
      ]
     },
     "execution_count": 5,
     "metadata": {},
     "output_type": "execute_result"
    }
   ],
   "source": [
    "df.columns"
   ]
  },
  {
   "cell_type": "code",
   "execution_count": 6,
   "metadata": {},
   "outputs": [],
   "source": [
    "cols = df.columns.tolist()"
   ]
  },
  {
   "cell_type": "code",
   "execution_count": 7,
   "metadata": {},
   "outputs": [
    {
     "data": {
      "text/plain": [
       "['A', 'B', 'C', 'D']"
      ]
     },
     "execution_count": 7,
     "metadata": {},
     "output_type": "execute_result"
    }
   ],
   "source": [
    "cols"
   ]
  },
  {
   "cell_type": "code",
   "execution_count": 8,
   "metadata": {},
   "outputs": [],
   "source": [
    "cols = cols[-1:] + cols[:-1]"
   ]
  },
  {
   "cell_type": "code",
   "execution_count": 9,
   "metadata": {},
   "outputs": [
    {
     "data": {
      "text/plain": [
       "['D', 'A', 'B', 'C']"
      ]
     },
     "execution_count": 9,
     "metadata": {},
     "output_type": "execute_result"
    }
   ],
   "source": [
    "cols"
   ]
  },
  {
   "cell_type": "code",
   "execution_count": 10,
   "metadata": {},
   "outputs": [
    {
     "data": {
      "text/html": [
       "<div>\n",
       "<style scoped>\n",
       "    .dataframe tbody tr th:only-of-type {\n",
       "        vertical-align: middle;\n",
       "    }\n",
       "\n",
       "    .dataframe tbody tr th {\n",
       "        vertical-align: top;\n",
       "    }\n",
       "\n",
       "    .dataframe thead th {\n",
       "        text-align: right;\n",
       "    }\n",
       "</style>\n",
       "<table border=\"1\" class=\"dataframe\">\n",
       "  <thead>\n",
       "    <tr style=\"text-align: right;\">\n",
       "      <th></th>\n",
       "      <th>D</th>\n",
       "      <th>A</th>\n",
       "      <th>B</th>\n",
       "      <th>C</th>\n",
       "    </tr>\n",
       "  </thead>\n",
       "  <tbody>\n",
       "    <tr>\n",
       "      <th>0</th>\n",
       "      <td>0.140174</td>\n",
       "      <td>1.145028</td>\n",
       "      <td>0.816531</td>\n",
       "      <td>-1.129963</td>\n",
       "    </tr>\n",
       "    <tr>\n",
       "      <th>1</th>\n",
       "      <td>1.335498</td>\n",
       "      <td>1.196880</td>\n",
       "      <td>0.906171</td>\n",
       "      <td>1.471567</td>\n",
       "    </tr>\n",
       "    <tr>\n",
       "      <th>2</th>\n",
       "      <td>-1.404995</td>\n",
       "      <td>-0.323545</td>\n",
       "      <td>-0.920347</td>\n",
       "      <td>-1.189202</td>\n",
       "    </tr>\n",
       "    <tr>\n",
       "      <th>3</th>\n",
       "      <td>-1.538199</td>\n",
       "      <td>0.350482</td>\n",
       "      <td>0.340804</td>\n",
       "      <td>-0.375657</td>\n",
       "    </tr>\n",
       "    <tr>\n",
       "      <th>4</th>\n",
       "      <td>-1.742907</td>\n",
       "      <td>-0.979499</td>\n",
       "      <td>0.253626</td>\n",
       "      <td>0.371492</td>\n",
       "    </tr>\n",
       "    <tr>\n",
       "      <th>5</th>\n",
       "      <td>-0.666633</td>\n",
       "      <td>-0.036252</td>\n",
       "      <td>0.402485</td>\n",
       "      <td>0.033607</td>\n",
       "    </tr>\n",
       "  </tbody>\n",
       "</table>\n",
       "</div>"
      ],
      "text/plain": [
       "          D         A         B         C\n",
       "0  0.140174  1.145028  0.816531 -1.129963\n",
       "1  1.335498  1.196880  0.906171  1.471567\n",
       "2 -1.404995 -0.323545 -0.920347 -1.189202\n",
       "3 -1.538199  0.350482  0.340804 -0.375657\n",
       "4 -1.742907 -0.979499  0.253626  0.371492\n",
       "5 -0.666633 -0.036252  0.402485  0.033607"
      ]
     },
     "execution_count": 10,
     "metadata": {},
     "output_type": "execute_result"
    }
   ],
   "source": [
    "df[cols]"
   ]
  }
 ],
 "metadata": {
  "kernelspec": {
   "display_name": "Python 3",
   "language": "python",
   "name": "python3"
  },
  "language_info": {
   "codemirror_mode": {
    "name": "ipython",
    "version": 3
   },
   "file_extension": ".py",
   "mimetype": "text/x-python",
   "name": "python",
   "nbconvert_exporter": "python",
   "pygments_lexer": "ipython3",
   "version": "3.6.4"
  }
 },
 "nbformat": 4,
 "nbformat_minor": 2
}
